       (  0)  |11111111|11111111|11101110|10  3ffffba  [26]
       (  1)  |11111111|11111111|11101110|11  3ffffbb  [26]
       (  2)  |11111111|11111111|11101111|00  3ffffbc  [26]
       (  3)  |11111111|11111111|11101111|01  3ffffbd  [26]
       (  4)  |11111111|11111111|11101111|10  3ffffbe  [26]
       (  5)  |11111111|11111111|11101111|11  3ffffbf  [26]
       (  6)  |11111111|11111111|11110000|00  3ffffc0  [26]
       (  7)  |11111111|11111111|11110000|01  3ffffc1  [26]
       (  8)  |11111111|11111111|11110000|10  3ffffc2  [26]
       (  9)  |11111111|11111111|11110000|11  3ffffc3  [26]
       ( 10)  |11111111|11111111|11110001|00  3ffffc4  [26]
       ( 11)  |11111111|11111111|11110001|01  3ffffc5  [26]
       ( 12)  |11111111|11111111|11110001|10  3ffffc6  [26]
       ( 13)  |11111111|11111111|11110001|11  3ffffc7  [26]
       ( 14)  |11111111|11111111|11110010|00  3ffffc8  [26]
       ( 15)  |11111111|11111111|11110010|01  3ffffc9  [26]
       ( 16)  |11111111|11111111|11110010|10  3ffffca  [26]
       ( 17)  |11111111|11111111|11110010|11  3ffffcb  [26]
       ( 18)  |11111111|11111111|11110011|00  3ffffcc  [26]
       ( 19)  |11111111|11111111|11110011|01  3ffffcd  [26]
       ( 20)  |11111111|11111111|11110011|10  3ffffce  [26]
       ( 21)  |11111111|11111111|11110011|11  3ffffcf  [26]
       ( 22)  |11111111|11111111|11110100|00  3ffffd0  [26]
       ( 23)  |11111111|11111111|11110100|01  3ffffd1  [26]
       ( 24)  |11111111|11111111|11110100|10  3ffffd2  [26]
       ( 25)  |11111111|11111111|11110100|11  3ffffd3  [26]
       ( 26)  |11111111|11111111|11110101|00  3ffffd4  [26]
       ( 27)  |11111111|11111111|11110101|01  3ffffd5  [26]
       ( 28)  |11111111|11111111|11110101|10  3ffffd6  [26]
       ( 29)  |11111111|11111111|11110101|11  3ffffd7  [26]
       ( 30)  |11111111|11111111|11110110|00  3ffffd8  [26]
       ( 31)  |11111111|11111111|11110110|01  3ffffd9  [26]
   ' ' ( 32)  |00110                                6  [ 5]
   '!' ( 33)  |11111111|11100                    1ffc  [13]
   '"' ( 34)  |11111000|0                         1f0  [ 9]
   '#' ( 35)  |11111111|111100                   3ffc  [14]
   '$' ( 36)  |11111111|1111100                  7ffc  [15]
   '%' ( 37)  |011110                              1e  [ 6]
   '&' ( 38)  |1100100                             64  [ 7]
   ''' ( 39)  |11111111|11101                    1ffd  [13]
   '(' ( 40)  |11111110|10                        3fa  [10]
   ')' ( 41)  |11111000|1                         1f1  [ 9]
   '*' ( 42)  |11111110|11                        3fb  [10]
   '+' ( 43)  |11111111|00                        3fc  [10]
   ',' ( 44)  |1100101                             65  [ 7]
   '-' ( 45)  |1100110                             66  [ 7]
   '.' ( 46)  |011111                              1f  [ 6]
   '/' ( 47)  |00111                                7  [ 5]
   '0' ( 48)  |0000                                 0  [ 4]
   '1' ( 49)  |0001                                 1  [ 4]
   '2' ( 50)  |0010                                 2  [ 4]
   '3' ( 51)  |01000                                8  [ 5]
   '4' ( 52)  |100000                              20  [ 6]
   '5' ( 53)  |100001                              21  [ 6]
   '6' ( 54)  |100010                              22  [ 6]
   '7' ( 55)  |100011                              23  [ 6]
   '8' ( 56)  |100100                              24  [ 6]
   '9' ( 57)  |100101                              25  [ 6]
   ':' ( 58)  |100110                              26  [ 6]
   ';' ( 59)  |11101100|                           ec  [ 8]
   '<' ( 60)  |11111111|11111110|0              1fffc  [17]
   '=' ( 61)  |100111                              27  [ 6]
   '>' ( 62)  |11111111|1111101                  7ffd  [15]
   '?' ( 63)  |11111111|01                        3fd  [10]
   '@' ( 64)  |11111111|1111110                  7ffe  [15]
   'A' ( 65)  |1100111                             67  [ 7]
   'B' ( 66)  |11101101|                           ed  [ 8]
   'C' ( 67)  |11101110|                           ee  [ 8]
   'D' ( 68)  |1101000                             68  [ 7]
   'E' ( 69)  |11101111|                           ef  [ 8]
   'F' ( 70)  |1101001                             69  [ 7]
   'G' ( 71)  |1101010                             6a  [ 7]
   'H' ( 72)  |11111001|0                         1f2  [ 9]
   'I' ( 73)  |11110000|                           f0  [ 8]
   'J' ( 74)  |11111001|1                         1f3  [ 9]
   'K' ( 75)  |11111010|0                         1f4  [ 9]
   'L' ( 76)  |11111010|1                         1f5  [ 9]
   'M' ( 77)  |1101011                             6b  [ 7]
   'N' ( 78)  |1101100                             6c  [ 7]
   'O' ( 79)  |11110001|                           f1  [ 8]
   'P' ( 80)  |11110010|                           f2  [ 8]
   'Q' ( 81)  |11111011|0                         1f6  [ 9]
   'R' ( 82)  |11111011|1                         1f7  [ 9]
   'S' ( 83)  |1101101                             6d  [ 7]
   'T' ( 84)  |101000                              28  [ 6]
   'U' ( 85)  |11110011|                           f3  [ 8]
   'V' ( 86)  |11111100|0                         1f8  [ 9]
   'W' ( 87)  |11111100|1                         1f9  [ 9]
   'X' ( 88)  |11110100|                           f4  [ 8]
   'Y' ( 89)  |11111101|0                         1fa  [ 9]
   'Z' ( 90)  |11111101|1                         1fb  [ 9]
   '[' ( 91)  |11111111|100                       7fc  [11]
   '\' ( 92)  |11111111|11111111|11110110|10  3ffffda  [26]
   ']' ( 93)  |11111111|101                       7fd  [11]
   '^' ( 94)  |11111111|111101                   3ffd  [14]
   '_' ( 95)  |1101110                             6e  [ 7]
   '`' ( 96)  |11111111|11111111|10             3fffe  [18]
   'a' ( 97)  |01001                                9  [ 5]
   'b' ( 98)  |1101111                             6f  [ 7]
   'c' ( 99)  |01010                                a  [ 5]
   'd' (100)  |101001                              29  [ 6]
   'e' (101)  |01011                                b  [ 5]
   'f' (102)  |1110000                             70  [ 7]
   'g' (103)  |101010                              2a  [ 6]
   'h' (104)  |101011                              2b  [ 6]
   'i' (105)  |01100                                c  [ 5]
   'j' (106)  |11110101|                           f5  [ 8]
   'k' (107)  |11110110|                           f6  [ 8]
   'l' (108)  |101100                              2c  [ 6]
   'm' (109)  |101101                              2d  [ 6]
   'n' (110)  |101110                              2e  [ 6]
   'o' (111)  |01101                                d  [ 5]
   'p' (112)  |101111                              2f  [ 6]
   'q' (113)  |11111110|0                         1fc  [ 9]
   'r' (114)  |110000                              30  [ 6]
   's' (115)  |110001                              31  [ 6]
   't' (116)  |01110                                e  [ 5]
   'u' (117)  |1110001                             71  [ 7]
   'v' (118)  |1110010                             72  [ 7]
   'w' (119)  |1110011                             73  [ 7]
   'x' (120)  |1110100                             74  [ 7]
   'y' (121)  |1110101                             75  [ 7]
   'z' (122)  |11110111|                           f7  [ 8]
   '{' (123)  |11111111|11111110|1              1fffd  [17]
   '|' (124)  |11111111|1100                      ffc  [12]
   '}' (125)  |11111111|11111111|0              1fffe  [17]
   '~' (126)  |11111111|1101                      ffd  [12]
       (127)  |11111111|11111111|11110110|11  3ffffdb  [26]
       (128)  |11111111|11111111|11110111|00  3ffffdc  [26]
       (129)  |11111111|11111111|11110111|01  3ffffdd  [26]
       (130)  |11111111|11111111|11110111|10  3ffffde  [26]
       (131)  |11111111|11111111|11110111|11  3ffffdf  [26]
       (132)  |11111111|11111111|11111000|00  3ffffe0  [26]
       (133)  |11111111|11111111|11111000|01  3ffffe1  [26]
       (134)  |11111111|11111111|11111000|10  3ffffe2  [26]
       (135)  |11111111|11111111|11111000|11  3ffffe3  [26]
       (136)  |11111111|11111111|11111001|00  3ffffe4  [26]
       (137)  |11111111|11111111|11111001|01  3ffffe5  [26]
       (138)  |11111111|11111111|11111001|10  3ffffe6  [26]
       (139)  |11111111|11111111|11111001|11  3ffffe7  [26]
       (140)  |11111111|11111111|11111010|00  3ffffe8  [26]
       (141)  |11111111|11111111|11111010|01  3ffffe9  [26]
       (142)  |11111111|11111111|11111010|10  3ffffea  [26]
       (143)  |11111111|11111111|11111010|11  3ffffeb  [26]
       (144)  |11111111|11111111|11111011|00  3ffffec  [26]
       (145)  |11111111|11111111|11111011|01  3ffffed  [26]
       (146)  |11111111|11111111|11111011|10  3ffffee  [26]
       (147)  |11111111|11111111|11111011|11  3ffffef  [26]
       (148)  |11111111|11111111|11111100|00  3fffff0  [26]
       (149)  |11111111|11111111|11111100|01  3fffff1  [26]
       (150)  |11111111|11111111|11111100|10  3fffff2  [26]
       (151)  |11111111|11111111|11111100|11  3fffff3  [26]
       (152)  |11111111|11111111|11111101|00  3fffff4  [26]
       (153)  |11111111|11111111|11111101|01  3fffff5  [26]
       (154)  |11111111|11111111|11111101|10  3fffff6  [26]
       (155)  |11111111|11111111|11111101|11  3fffff7  [26]
       (156)  |11111111|11111111|11111110|00  3fffff8  [26]
       (157)  |11111111|11111111|11111110|01  3fffff9  [26]
       (158)  |11111111|11111111|11111110|10  3fffffa  [26]
       (159)  |11111111|11111111|11111110|11  3fffffb  [26]
       (160)  |11111111|11111111|11111111|00  3fffffc  [26]
       (161)  |11111111|11111111|11111111|01  3fffffd  [26]
       (162)  |11111111|11111111|11111111|10  3fffffe  [26]
       (163)  |11111111|11111111|11111111|11  3ffffff  [26]
       (164)  |11111111|11111111|11000000|0   1ffff80  [25]
       (165)  |11111111|11111111|11000000|1   1ffff81  [25]
       (166)  |11111111|11111111|11000001|0   1ffff82  [25]
       (167)  |11111111|11111111|11000001|1   1ffff83  [25]
       (168)  |11111111|11111111|11000010|0   1ffff84  [25]
       (169)  |11111111|11111111|11000010|1   1ffff85  [25]
       (170)  |11111111|11111111|11000011|0   1ffff86  [25]
       (171)  |11111111|11111111|11000011|1   1ffff87  [25]
       (172)  |11111111|11111111|11000100|0   1ffff88  [25]
       (173)  |11111111|11111111|11000100|1   1ffff89  [25]
       (174)  |11111111|11111111|11000101|0   1ffff8a  [25]
       (175)  |11111111|11111111|11000101|1   1ffff8b  [25]
       (176)  |11111111|11111111|11000110|0   1ffff8c  [25]
       (177)  |11111111|11111111|11000110|1   1ffff8d  [25]
       (178)  |11111111|11111111|11000111|0   1ffff8e  [25]
       (179)  |11111111|11111111|11000111|1   1ffff8f  [25]
       (180)  |11111111|11111111|11001000|0   1ffff90  [25]
       (181)  |11111111|11111111|11001000|1   1ffff91  [25]
       (182)  |11111111|11111111|11001001|0   1ffff92  [25]
       (183)  |11111111|11111111|11001001|1   1ffff93  [25]
       (184)  |11111111|11111111|11001010|0   1ffff94  [25]
       (185)  |11111111|11111111|11001010|1   1ffff95  [25]
       (186)  |11111111|11111111|11001011|0   1ffff96  [25]
       (187)  |11111111|11111111|11001011|1   1ffff97  [25]
       (188)  |11111111|11111111|11001100|0   1ffff98  [25]
       (189)  |11111111|11111111|11001100|1   1ffff99  [25]
       (190)  |11111111|11111111|11001101|0   1ffff9a  [25]
       (191)  |11111111|11111111|11001101|1   1ffff9b  [25]
       (192)  |11111111|11111111|11001110|0   1ffff9c  [25]
       (193)  |11111111|11111111|11001110|1   1ffff9d  [25]
       (194)  |11111111|11111111|11001111|0   1ffff9e  [25]
       (195)  |11111111|11111111|11001111|1   1ffff9f  [25]
       (196)  |11111111|11111111|11010000|0   1ffffa0  [25]
       (197)  |11111111|11111111|11010000|1   1ffffa1  [25]
       (198)  |11111111|11111111|11010001|0   1ffffa2  [25]
       (199)  |11111111|11111111|11010001|1   1ffffa3  [25]
       (200)  |11111111|11111111|11010010|0   1ffffa4  [25]
       (201)  |11111111|11111111|11010010|1   1ffffa5  [25]
       (202)  |11111111|11111111|11010011|0   1ffffa6  [25]
       (203)  |11111111|11111111|11010011|1   1ffffa7  [25]
       (204)  |11111111|11111111|11010100|0   1ffffa8  [25]
       (205)  |11111111|11111111|11010100|1   1ffffa9  [25]
       (206)  |11111111|11111111|11010101|0   1ffffaa  [25]
       (207)  |11111111|11111111|11010101|1   1ffffab  [25]
       (208)  |11111111|11111111|11010110|0   1ffffac  [25]
       (209)  |11111111|11111111|11010110|1   1ffffad  [25]
       (210)  |11111111|11111111|11010111|0   1ffffae  [25]
       (211)  |11111111|11111111|11010111|1   1ffffaf  [25]
       (212)  |11111111|11111111|11011000|0   1ffffb0  [25]
       (213)  |11111111|11111111|11011000|1   1ffffb1  [25]
       (214)  |11111111|11111111|11011001|0   1ffffb2  [25]
       (215)  |11111111|11111111|11011001|1   1ffffb3  [25]
       (216)  |11111111|11111111|11011010|0   1ffffb4  [25]
       (217)  |11111111|11111111|11011010|1   1ffffb5  [25]
       (218)  |11111111|11111111|11011011|0   1ffffb6  [25]
       (219)  |11111111|11111111|11011011|1   1ffffb7  [25]
       (220)  |11111111|11111111|11011100|0   1ffffb8  [25]
       (221)  |11111111|11111111|11011100|1   1ffffb9  [25]
       (222)  |11111111|11111111|11011101|0   1ffffba  [25]
       (223)  |11111111|11111111|11011101|1   1ffffbb  [25]
       (224)  |11111111|11111111|11011110|0   1ffffbc  [25]
       (225)  |11111111|11111111|11011110|1   1ffffbd  [25]
       (226)  |11111111|11111111|11011111|0   1ffffbe  [25]
       (227)  |11111111|11111111|11011111|1   1ffffbf  [25]
       (228)  |11111111|11111111|11100000|0   1ffffc0  [25]
       (229)  |11111111|11111111|11100000|1   1ffffc1  [25]
       (230)  |11111111|11111111|11100001|0   1ffffc2  [25]
       (231)  |11111111|11111111|11100001|1   1ffffc3  [25]
       (232)  |11111111|11111111|11100010|0   1ffffc4  [25]
       (233)  |11111111|11111111|11100010|1   1ffffc5  [25]
       (234)  |11111111|11111111|11100011|0   1ffffc6  [25]
       (235)  |11111111|11111111|11100011|1   1ffffc7  [25]
       (236)  |11111111|11111111|11100100|0   1ffffc8  [25]
       (237)  |11111111|11111111|11100100|1   1ffffc9  [25]
       (238)  |11111111|11111111|11100101|0   1ffffca  [25]
       (239)  |11111111|11111111|11100101|1   1ffffcb  [25]
       (240)  |11111111|11111111|11100110|0   1ffffcc  [25]
       (241)  |11111111|11111111|11100110|1   1ffffcd  [25]
       (242)  |11111111|11111111|11100111|0   1ffffce  [25]
       (243)  |11111111|11111111|11100111|1   1ffffcf  [25]
       (244)  |11111111|11111111|11101000|0   1ffffd0  [25]
       (245)  |11111111|11111111|11101000|1   1ffffd1  [25]
       (246)  |11111111|11111111|11101001|0   1ffffd2  [25]
       (247)  |11111111|11111111|11101001|1   1ffffd3  [25]
       (248)  |11111111|11111111|11101010|0   1ffffd4  [25]
       (249)  |11111111|11111111|11101010|1   1ffffd5  [25]
       (250)  |11111111|11111111|11101011|0   1ffffd6  [25]
       (251)  |11111111|11111111|11101011|1   1ffffd7  [25]
       (252)  |11111111|11111111|11101100|0   1ffffd8  [25]
       (253)  |11111111|11111111|11101100|1   1ffffd9  [25]
       (254)  |11111111|11111111|11101101|0   1ffffda  [25]
       (255)  |11111111|11111111|11101101|1   1ffffdb  [25]
   EOS (256)  |11111111|11111111|11101110|0   1ffffdc  [25]
