         (  0) |11111111|11111111|11110111|010 [27]      7ffffba [27]
         (  1) |11111111|11111111|11110111|011 [27]      7ffffbb [27]
         (  2) |11111111|11111111|11110111|100 [27]      7ffffbc [27]
         (  3) |11111111|11111111|11110111|101 [27]      7ffffbd [27]
         (  4) |11111111|11111111|11110111|110 [27]      7ffffbe [27]
         (  5) |11111111|11111111|11110111|111 [27]      7ffffbf [27]
         (  6) |11111111|11111111|11111000|000 [27]      7ffffc0 [27]
         (  7) |11111111|11111111|11111000|001 [27]      7ffffc1 [27]
         (  8) |11111111|11111111|11111000|010 [27]      7ffffc2 [27]
         (  9) |11111111|11111111|11111000|011 [27]      7ffffc3 [27]
         ( 10) |11111111|11111111|11111000|100 [27]      7ffffc4 [27]
         ( 11) |11111111|11111111|11111000|101 [27]      7ffffc5 [27]
         ( 12) |11111111|11111111|11111000|110 [27]      7ffffc6 [27]
         ( 13) |11111111|11111111|11111000|111 [27]      7ffffc7 [27]
         ( 14) |11111111|11111111|11111001|000 [27]      7ffffc8 [27]
         ( 15) |11111111|11111111|11111001|001 [27]      7ffffc9 [27]
         ( 16) |11111111|11111111|11111001|010 [27]      7ffffca [27]
         ( 17) |11111111|11111111|11111001|011 [27]      7ffffcb [27]
         ( 18) |11111111|11111111|11111001|100 [27]      7ffffcc [27]
         ( 19) |11111111|11111111|11111001|101 [27]      7ffffcd [27]
         ( 20) |11111111|11111111|11111001|110 [27]      7ffffce [27]
         ( 21) |11111111|11111111|11111001|111 [27]      7ffffcf [27]
         ( 22) |11111111|11111111|11111010|000 [27]      7ffffd0 [27]
         ( 23) |11111111|11111111|11111010|001 [27]      7ffffd1 [27]
         ( 24) |11111111|11111111|11111010|010 [27]      7ffffd2 [27]
         ( 25) |11111111|11111111|11111010|011 [27]      7ffffd3 [27]
         ( 26) |11111111|11111111|11111010|100 [27]      7ffffd4 [27]
         ( 27) |11111111|11111111|11111010|101 [27]      7ffffd5 [27]
         ( 28) |11111111|11111111|11111010|110 [27]      7ffffd6 [27]
         ( 29) |11111111|11111111|11111010|111 [27]      7ffffd7 [27]
         ( 30) |11111111|11111111|11111011|000 [27]      7ffffd8 [27]
         ( 31) |11111111|11111111|11111011|001 [27]      7ffffd9 [27]
     ' ' ( 32) |11101000| [8]                                  e8 [8]
     '!' ( 33) |11111111|1100 [12]                           ffc [12]
     '"' ( 34) |11111111|111010 [14]                        3ffa [14]
     '#' ( 35) |11111111|1111100 [15]                       7ffc [15]
     '$' ( 36) |11111111|1111101 [15]                       7ffd [15]
     '%' ( 37) |100100 [6]                                     24 [6]
     '&' ( 38) |1101110 [7]                                    6e [7]
     ''' ( 39) |11111111|1111110 [15]                       7ffe [15]
     '(' ( 40) |11111111|010 [11]                            7fa [11]
     ')' ( 41) |11111111|011 [11]                            7fb [11]
     '*' ( 42) |11111110|10 [10]                             3fa [10]
     '+' ( 43) |11111111|100 [11]                            7fc [11]
     ',' ( 44) |11101001| [8]                                  e9 [8]
     '-' ( 45) |100101 [6]                                     25 [6]
     '.' ( 46) |00100 [5]                                       4 [5]
     '/' ( 47) |0000 [4]                                        0 [4]
     '0' ( 48) |00101 [5]                                       5 [5]
     '1' ( 49) |00110 [5]                                       6 [5]
     '2' ( 50) |00111 [5]                                       7 [5]
     '3' ( 51) |100110 [6]                                     26 [6]
     '4' ( 52) |100111 [6]                                     27 [6]
     '5' ( 53) |101000 [6]                                     28 [6]
     '6' ( 54) |101001 [6]                                     29 [6]
     '7' ( 55) |101010 [6]                                     2a [6]
     '8' ( 56) |101011 [6]                                     2b [6]
     '9' ( 57) |101100 [6]                                     2c [6]
     ':' ( 58) |11110110|0 [9]                                1ec [9]
     ';' ( 59) |11101010| [8]                                  ea [8]
     '<' ( 60) |11111111|11111111|10 [18]                  3fffe [18]
     '=' ( 61) |101101 [6]                                     2d [6]
     '>' ( 62) |11111111|11111110|0 [17]                   1fffc [17]
     '?' ( 63) |11110110|1 [9]                                1ed [9]
     '@' ( 64) |11111111|111011 [14]                        3ffb [14]
     'A' ( 65) |1101111 [7]                                    6f [7]
     'B' ( 66) |11101011| [8]                                  eb [8]
     'C' ( 67) |11101100| [8]                                  ec [8]
     'D' ( 68) |11101101| [8]                                  ed [8]
     'E' ( 69) |11101110| [8]                                  ee [8]
     'F' ( 70) |1110000 [7]                                    70 [7]
     'G' ( 71) |11110111|0 [9]                                1ee [9]
     'H' ( 72) |11110111|1 [9]                                1ef [9]
     'I' ( 73) |11111000|0 [9]                                1f0 [9]
     'J' ( 74) |11111000|1 [9]                                1f1 [9]
     'K' ( 75) |11111110|11 [10]                             3fb [10]
     'L' ( 76) |11111001|0 [9]                                1f2 [9]
     'M' ( 77) |11101111| [8]                                  ef [8]
     'N' ( 78) |11111001|1 [9]                                1f3 [9]
     'O' ( 79) |11111010|0 [9]                                1f4 [9]
     'P' ( 80) |11111010|1 [9]                                1f5 [9]
     'Q' ( 81) |11111011|0 [9]                                1f6 [9]
     'R' ( 82) |11111011|1 [9]                                1f7 [9]
     'S' ( 83) |11110000| [8]                                  f0 [8]
     'T' ( 84) |11110001| [8]                                  f1 [8]
     'U' ( 85) |11111100|0 [9]                                1f8 [9]
     'V' ( 86) |11111100|1 [9]                                1f9 [9]
     'W' ( 87) |11111101|0 [9]                                1fa [9]
     'X' ( 88) |11111101|1 [9]                                1fb [9]
     'Y' ( 89) |11111110|0 [9]                                1fc [9]
     'Z' ( 90) |11111111|00 [10]                             3fc [10]
     '[' ( 91) |11111111|111100 [14]                        3ffc [14]
     '\' ( 92) |11111111|11111111|11111011|010 [27]      7ffffda [27]
     ']' ( 93) |11111111|11100 [13]                         1ffc [13]
     '^' ( 94) |11111111|111101 [14]                        3ffd [14]
     '_' ( 95) |101110 [6]                                     2e [6]
     '`' ( 96) |11111111|11111111|110 [19]                 7fffe [19]
     'a' ( 97) |01000 [5]                                       8 [5]
     'b' ( 98) |101111 [6]                                     2f [6]
     'c' ( 99) |01001 [5]                                       9 [5]
     'd' (100) |110000 [6]                                     30 [6]
     'e' (101) |0001 [4]                                        1 [4]
     'f' (102) |110001 [6]                                     31 [6]
     'g' (103) |110010 [6]                                     32 [6]
     'h' (104) |110011 [6]                                     33 [6]
     'i' (105) |01010 [5]                                       a [5]
     'j' (106) |1110001 [7]                                    71 [7]
     'k' (107) |1110010 [7]                                    72 [7]
     'l' (108) |01011 [5]                                       b [5]
     'm' (109) |110100 [6]                                     34 [6]
     'n' (110) |01100 [5]                                       c [5]
     'o' (111) |01101 [5]                                       d [5]
     'p' (112) |01110 [5]                                       e [5]
     'q' (113) |11110010| [8]                                  f2 [8]
     'r' (114) |01111 [5]                                       f [5]
     's' (115) |10000 [5]                                      10 [5]
     't' (116) |10001 [5]                                      11 [5]
     'u' (117) |110101 [6]                                     35 [6]
     'v' (118) |1110011 [7]                                    73 [7]
     'w' (119) |110110 [6]                                     36 [6]
     'x' (120) |11110011| [8]                                  f3 [8]
     'y' (121) |11110100| [8]                                  f4 [8]
     'z' (122) |11110101| [8]                                  f5 [8]
     '{' (123) |11111111|11111110|1 [17]                   1fffd [17]
     '|' (124) |11111111|101 [11]                            7fd [11]
     '}' (125) |11111111|11111111|0 [17]                   1fffe [17]
     '~' (126) |11111111|1101 [12]                           ffd [12]
         (127) |11111111|11111111|11111011|011 [27]      7ffffdb [27]
         (128) |11111111|11111111|11111011|100 [27]      7ffffdc [27]
         (129) |11111111|11111111|11111011|101 [27]      7ffffdd [27]
         (130) |11111111|11111111|11111011|110 [27]      7ffffde [27]
         (131) |11111111|11111111|11111011|111 [27]      7ffffdf [27]
         (132) |11111111|11111111|11111100|000 [27]      7ffffe0 [27]
         (133) |11111111|11111111|11111100|001 [27]      7ffffe1 [27]
         (134) |11111111|11111111|11111100|010 [27]      7ffffe2 [27]
         (135) |11111111|11111111|11111100|011 [27]      7ffffe3 [27]
         (136) |11111111|11111111|11111100|100 [27]      7ffffe4 [27]
         (137) |11111111|11111111|11111100|101 [27]      7ffffe5 [27]
         (138) |11111111|11111111|11111100|110 [27]      7ffffe6 [27]
         (139) |11111111|11111111|11111100|111 [27]      7ffffe7 [27]
         (140) |11111111|11111111|11111101|000 [27]      7ffffe8 [27]
         (141) |11111111|11111111|11111101|001 [27]      7ffffe9 [27]
         (142) |11111111|11111111|11111101|010 [27]      7ffffea [27]
         (143) |11111111|11111111|11111101|011 [27]      7ffffeb [27]
         (144) |11111111|11111111|11111101|100 [27]      7ffffec [27]
         (145) |11111111|11111111|11111101|101 [27]      7ffffed [27]
         (146) |11111111|11111111|11111101|110 [27]      7ffffee [27]
         (147) |11111111|11111111|11111101|111 [27]      7ffffef [27]
         (148) |11111111|11111111|11111110|000 [27]      7fffff0 [27]
         (149) |11111111|11111111|11111110|001 [27]      7fffff1 [27]
         (150) |11111111|11111111|11111110|010 [27]      7fffff2 [27]
         (151) |11111111|11111111|11111110|011 [27]      7fffff3 [27]
         (152) |11111111|11111111|11111110|100 [27]      7fffff4 [27]
         (153) |11111111|11111111|11111110|101 [27]      7fffff5 [27]
         (154) |11111111|11111111|11111110|110 [27]      7fffff6 [27]
         (155) |11111111|11111111|11111110|111 [27]      7fffff7 [27]
         (156) |11111111|11111111|11111111|000 [27]      7fffff8 [27]
         (157) |11111111|11111111|11111111|001 [27]      7fffff9 [27]
         (158) |11111111|11111111|11111111|010 [27]      7fffffa [27]
         (159) |11111111|11111111|11111111|011 [27]      7fffffb [27]
         (160) |11111111|11111111|11111111|100 [27]      7fffffc [27]
         (161) |11111111|11111111|11111111|101 [27]      7fffffd [27]
         (162) |11111111|11111111|11111111|110 [27]      7fffffe [27]
         (163) |11111111|11111111|11111111|111 [27]      7ffffff [27]
         (164) |11111111|11111111|11100000|00 [26]       3ffff80 [26]
         (165) |11111111|11111111|11100000|01 [26]       3ffff81 [26]
         (166) |11111111|11111111|11100000|10 [26]       3ffff82 [26]
         (167) |11111111|11111111|11100000|11 [26]       3ffff83 [26]
         (168) |11111111|11111111|11100001|00 [26]       3ffff84 [26]
         (169) |11111111|11111111|11100001|01 [26]       3ffff85 [26]
         (170) |11111111|11111111|11100001|10 [26]       3ffff86 [26]
         (171) |11111111|11111111|11100001|11 [26]       3ffff87 [26]
         (172) |11111111|11111111|11100010|00 [26]       3ffff88 [26]
         (173) |11111111|11111111|11100010|01 [26]       3ffff89 [26]
         (174) |11111111|11111111|11100010|10 [26]       3ffff8a [26]
         (175) |11111111|11111111|11100010|11 [26]       3ffff8b [26]
         (176) |11111111|11111111|11100011|00 [26]       3ffff8c [26]
         (177) |11111111|11111111|11100011|01 [26]       3ffff8d [26]
         (178) |11111111|11111111|11100011|10 [26]       3ffff8e [26]
         (179) |11111111|11111111|11100011|11 [26]       3ffff8f [26]
         (180) |11111111|11111111|11100100|00 [26]       3ffff90 [26]
         (181) |11111111|11111111|11100100|01 [26]       3ffff91 [26]
         (182) |11111111|11111111|11100100|10 [26]       3ffff92 [26]
         (183) |11111111|11111111|11100100|11 [26]       3ffff93 [26]
         (184) |11111111|11111111|11100101|00 [26]       3ffff94 [26]
         (185) |11111111|11111111|11100101|01 [26]       3ffff95 [26]
         (186) |11111111|11111111|11100101|10 [26]       3ffff96 [26]
         (187) |11111111|11111111|11100101|11 [26]       3ffff97 [26]
         (188) |11111111|11111111|11100110|00 [26]       3ffff98 [26]
         (189) |11111111|11111111|11100110|01 [26]       3ffff99 [26]
         (190) |11111111|11111111|11100110|10 [26]       3ffff9a [26]
         (191) |11111111|11111111|11100110|11 [26]       3ffff9b [26]
         (192) |11111111|11111111|11100111|00 [26]       3ffff9c [26]
         (193) |11111111|11111111|11100111|01 [26]       3ffff9d [26]
         (194) |11111111|11111111|11100111|10 [26]       3ffff9e [26]
         (195) |11111111|11111111|11100111|11 [26]       3ffff9f [26]
         (196) |11111111|11111111|11101000|00 [26]       3ffffa0 [26]
         (197) |11111111|11111111|11101000|01 [26]       3ffffa1 [26]
         (198) |11111111|11111111|11101000|10 [26]       3ffffa2 [26]
         (199) |11111111|11111111|11101000|11 [26]       3ffffa3 [26]
         (200) |11111111|11111111|11101001|00 [26]       3ffffa4 [26]
         (201) |11111111|11111111|11101001|01 [26]       3ffffa5 [26]
         (202) |11111111|11111111|11101001|10 [26]       3ffffa6 [26]
         (203) |11111111|11111111|11101001|11 [26]       3ffffa7 [26]
         (204) |11111111|11111111|11101010|00 [26]       3ffffa8 [26]
         (205) |11111111|11111111|11101010|01 [26]       3ffffa9 [26]
         (206) |11111111|11111111|11101010|10 [26]       3ffffaa [26]
         (207) |11111111|11111111|11101010|11 [26]       3ffffab [26]
         (208) |11111111|11111111|11101011|00 [26]       3ffffac [26]
         (209) |11111111|11111111|11101011|01 [26]       3ffffad [26]
         (210) |11111111|11111111|11101011|10 [26]       3ffffae [26]
         (211) |11111111|11111111|11101011|11 [26]       3ffffaf [26]
         (212) |11111111|11111111|11101100|00 [26]       3ffffb0 [26]
         (213) |11111111|11111111|11101100|01 [26]       3ffffb1 [26]
         (214) |11111111|11111111|11101100|10 [26]       3ffffb2 [26]
         (215) |11111111|11111111|11101100|11 [26]       3ffffb3 [26]
         (216) |11111111|11111111|11101101|00 [26]       3ffffb4 [26]
         (217) |11111111|11111111|11101101|01 [26]       3ffffb5 [26]
         (218) |11111111|11111111|11101101|10 [26]       3ffffb6 [26]
         (219) |11111111|11111111|11101101|11 [26]       3ffffb7 [26]
         (220) |11111111|11111111|11101110|00 [26]       3ffffb8 [26]
         (221) |11111111|11111111|11101110|01 [26]       3ffffb9 [26]
         (222) |11111111|11111111|11101110|10 [26]       3ffffba [26]
         (223) |11111111|11111111|11101110|11 [26]       3ffffbb [26]
         (224) |11111111|11111111|11101111|00 [26]       3ffffbc [26]
         (225) |11111111|11111111|11101111|01 [26]       3ffffbd [26]
         (226) |11111111|11111111|11101111|10 [26]       3ffffbe [26]
         (227) |11111111|11111111|11101111|11 [26]       3ffffbf [26]
         (228) |11111111|11111111|11110000|00 [26]       3ffffc0 [26]
         (229) |11111111|11111111|11110000|01 [26]       3ffffc1 [26]
         (230) |11111111|11111111|11110000|10 [26]       3ffffc2 [26]
         (231) |11111111|11111111|11110000|11 [26]       3ffffc3 [26]
         (232) |11111111|11111111|11110001|00 [26]       3ffffc4 [26]
         (233) |11111111|11111111|11110001|01 [26]       3ffffc5 [26]
         (234) |11111111|11111111|11110001|10 [26]       3ffffc6 [26]
         (235) |11111111|11111111|11110001|11 [26]       3ffffc7 [26]
         (236) |11111111|11111111|11110010|00 [26]       3ffffc8 [26]
         (237) |11111111|11111111|11110010|01 [26]       3ffffc9 [26]
         (238) |11111111|11111111|11110010|10 [26]       3ffffca [26]
         (239) |11111111|11111111|11110010|11 [26]       3ffffcb [26]
         (240) |11111111|11111111|11110011|00 [26]       3ffffcc [26]
         (241) |11111111|11111111|11110011|01 [26]       3ffffcd [26]
         (242) |11111111|11111111|11110011|10 [26]       3ffffce [26]
         (243) |11111111|11111111|11110011|11 [26]       3ffffcf [26]
         (244) |11111111|11111111|11110100|00 [26]       3ffffd0 [26]
         (245) |11111111|11111111|11110100|01 [26]       3ffffd1 [26]
         (246) |11111111|11111111|11110100|10 [26]       3ffffd2 [26]
         (247) |11111111|11111111|11110100|11 [26]       3ffffd3 [26]
         (248) |11111111|11111111|11110101|00 [26]       3ffffd4 [26]
         (249) |11111111|11111111|11110101|01 [26]       3ffffd5 [26]
         (250) |11111111|11111111|11110101|10 [26]       3ffffd6 [26]
         (251) |11111111|11111111|11110101|11 [26]       3ffffd7 [26]
         (252) |11111111|11111111|11110110|00 [26]       3ffffd8 [26]
         (253) |11111111|11111111|11110110|01 [26]       3ffffd9 [26]
         (254) |11111111|11111111|11110110|10 [26]       3ffffda [26]
         (255) |11111111|11111111|11110110|11 [26]       3ffffdb [26]
     EOS (256) |11111111|11111111|11110111|00 [26]       3ffffdc [26]
